Function y = k(0).x^0 + ... + k(-7).x^-7 has: 

 k(0) = 3.5719668492674828
 k(-1) = -7.260973751544952
 k(-2) = 27.15096926689148
 k(-3) = -55.668412923812866
 k(-4) = 56.67578864097595
 k(-5) = -30.02964997291565
 k(-6) = 7.835121810436249
 k(-7) = -0.7749855890870094
 
r^2 = 0.9998837380381944