
x = 5.0 => y = 86.08122195735243
x = 6.0 => y = -289.89796254623525
x = 8.0 => y = -317.48294479856304